MultiStackReg Transformation File
File Version 1.0
0
RIGID_BODY
Source img: 2 Target img: 1
369.80655255381	368.60903747845225
370.6502722919333	183.61096144250124
368.96283281568674	553.6071135144032

370.0	370.0
370.0	185.0
370.0	555.0

RIGID_BODY
Source img: 3 Target img: 1
369.1971341647618	370.1539297068644
368.31683394435026	185.15602412001198
370.0774343851733	555.1518352937167

370.0	370.0
370.0	185.0
370.0	555.0

RIGID_BODY
Source img: 4 Target img: 1
369.9089867383096	370.88687172136946
371.9167799808285	185.89776726844426
367.9011934957906	555.8759761742947

370.0	370.0
370.0	185.0
370.0	555.0

RIGID_BODY
Source img: 5 Target img: 1
370.00908786408246	370.53687651126774
370.7988075073757	185.53856207871675
369.21936822078914	555.5351909438187

370.0	370.0
370.0	185.0
370.0	555.0

RIGID_BODY
Source img: 6 Target img: 1
369.84230746688917	372.82829963918493
371.2641783174219	187.83376381911157
368.4204366163564	557.8228354592583

370.0	370.0
370.0	185.0
370.0	555.0

RIGID_BODY
Source img: 7 Target img: 1
370.14555274937356	370.8566487802696
370.70499958787144	185.85749467616327
369.5861059108757	555.855802884376

370.0	370.0
370.0	185.0
370.0	555.0

RIGID_BODY
Source img: 8 Target img: 1
369.8557398608132	369.7530837241624
370.29222182258746	184.75359863434645
369.4192578990389	554.7525688139783

370.0	370.0
370.0	185.0
370.0	555.0

RIGID_BODY
Source img: 9 Target img: 1
369.8613063639634	371.21142582143204
370.5314434563894	186.21263956520457
369.1911692715374	556.2102120776597

370.0	370.0
370.0	185.0
370.0	555.0

RIGID_BODY
Source img: 10 Target img: 1
369.59170042751003	370.10740304940117
370.32572049324676	185.1088592320427
368.8576803617733	555.1059468667595

370.0	370.0
370.0	185.0
370.0	555.0

RIGID_BODY
Source img: 11 Target img: 1
369.31256415762186	370.53097119262964
368.599661514487	185.5323447928063
370.0254668007567	555.529597592453

370.0	370.0
370.0	185.0
370.0	555.0

RIGID_BODY
Source img: 12 Target img: 1
369.6376893109826	372.06583511883537
370.9827400169583	187.0707248088643
368.29263860500686	557.0609454288063

370.0	370.0
370.0	185.0
370.0	555.0

RIGID_BODY
Source img: 13 Target img: 1
369.35316704347935	370.05894280253017
369.2992953671939	185.0589506461993
369.40703871976484	555.0589349588611

370.0	370.0
370.0	185.0
370.0	555.0

RIGID_BODY
Source img: 14 Target img: 1
369.69885310275674	370.23743192370085
369.86040788106834	185.23750246410995
369.53729832444515	555.2373613832917

370.0	370.0
370.0	185.0
370.0	555.0

RIGID_BODY
Source img: 15 Target img: 1
369.2401389316979	371.1254384972072
370.30729235674374	186.12851640506153
368.1729855066521	556.1223605893529

370.0	370.0
370.0	185.0
370.0	555.0

RIGID_BODY
Source img: 16 Target img: 1
369.11258449022745	372.3308081420914
369.97791779625396	187.33283194162198
368.24725118420093	557.3287843425609

370.0	370.0
370.0	185.0
370.0	555.0

RIGID_BODY
Source img: 17 Target img: 1
369.0191233659515	371.00296827452127
369.12536390221436	186.00299878006845
368.91288282968867	556.002937768974

370.0	370.0
370.0	185.0
370.0	555.0

RIGID_BODY
Source img: 18 Target img: 1
369.5741546926128	370.7516311520134
371.05282121018666	185.75754058334192
368.09548817503895	555.7457217206847

370.0	370.0
370.0	185.0
370.0	555.0

RIGID_BODY
Source img: 19 Target img: 1
370.2280976851166	370.6047629793625
372.88138352382043	185.62379078422524
367.5748118464128	555.5857351744997

370.0	370.0
370.0	185.0
370.0	555.0

RIGID_BODY
Source img: 20 Target img: 1
369.9073349028319	369.6436058467172
372.68356053198755	184.6644379081193
367.1311092736762	554.6227737853152

370.0	370.0
370.0	185.0
370.0	555.0

RIGID_BODY
Source img: 21 Target img: 1
370.0577144320444	370.9426174113794
372.75383773147644	185.96226461910504
367.3615911326124	555.9229702036536

370.0	370.0
370.0	185.0
370.0	555.0

RIGID_BODY
Source img: 22 Target img: 1
369.39240870610695	370.90845021102956
371.8314937752323	185.92452965568623
366.9533236369816	555.8923707663728

370.0	370.0
370.0	185.0
370.0	555.0

RIGID_BODY
Source img: 23 Target img: 1
369.2083543464715	370.88572762176995
370.34868848043817	185.8892421468753
368.06802021250485	555.8822130966646

370.0	370.0
370.0	185.0
370.0	555.0

RIGID_BODY
Source img: 24 Target img: 1
368.9604684341445	370.1263101916625
370.5209708874672	185.1328918436219
367.39996598082183	555.1197285397031

370.0	370.0
370.0	185.0
370.0	555.0

RIGID_BODY
Source img: 25 Target img: 1
368.7614023386371	370.3501106027284
368.69212283960013	185.35012357475316
368.830681837674	555.3500976307037

370.0	370.0
370.0	185.0
370.0	555.0

RIGID_BODY
Source img: 26 Target img: 1
369.47250217740884	369.83713943500925
371.3996167113861	184.8471769246802
367.54538764343164	554.8271019453382

370.0	370.0
370.0	185.0
370.0	555.0

RIGID_BODY
Source img: 27 Target img: 1
368.6773453050915	372.04944302442067
367.97102006844483	187.050791395118
369.3836705417381	557.0480946537232

370.0	370.0
370.0	185.0
370.0	555.0

RIGID_BODY
Source img: 28 Target img: 1
368.3676806781554	370.2934824934865
367.72123855887287	185.2946119223762
369.01412279743795	555.2923530645967

370.0	370.0
370.0	185.0
370.0	555.0

RIGID_BODY
Source img: 29 Target img: 1
368.51845943010545	369.5286336738512
369.0281267657122	184.5293357313805
368.0087920944987	554.5279316163218

370.0	370.0
370.0	185.0
370.0	555.0

RIGID_BODY
Source img: 30 Target img: 1
368.31637116767894	370.1956566318237
367.57318251472947	185.19714941993797
369.05955982062835	555.1941638437094

370.0	370.0
370.0	185.0
370.0	555.0

RIGID_BODY
Source img: 31 Target img: 1
369.2174247511265	370.48515774902336
369.7112125408193	185.48581674041662
368.72363696143367	555.48449875763

370.0	370.0
370.0	185.0
370.0	555.0

RIGID_BODY
Source img: 32 Target img: 1
369.17965956815567	370.085279150379
371.1215052875827	185.09547068731274
367.2378138487287	555.0750876134452

370.0	370.0
370.0	185.0
370.0	555.0

RIGID_BODY
Source img: 33 Target img: 1
368.30964657032035	369.97008550831436
368.4673662877883	184.9701527394327
368.15192685285234	554.970018277196

370.0	370.0
370.0	185.0
370.0	555.0

RIGID_BODY
Source img: 34 Target img: 1
369.0544257183552	370.6951557328605
370.89174238089987	185.70427955924606
367.21710905581057	555.6860319064749

370.0	370.0
370.0	185.0
370.0	555.0

RIGID_BODY
Source img: 35 Target img: 1
369.3178934082342	370.8852709603341
370.60338562463977	185.88973720407947
368.0324011918286	555.8808047165887

370.0	370.0
370.0	185.0
370.0	555.0

RIGID_BODY
Source img: 36 Target img: 1
369.06517579675506	369.24789260762975
369.61307072704267	184.24870393063753
368.5172808664674	554.2470812846221

370.0	370.0
370.0	185.0
370.0	555.0

RIGID_BODY
Source img: 37 Target img: 1
369.2380895806689	370.81600908567003
370.78541387496915	185.82248004335926
367.6907652863686	555.8095381279808

370.0	370.0
370.0	185.0
370.0	555.0

RIGID_BODY
Source img: 38 Target img: 1
368.95504761161385	372.07062289701776
369.4337862754777	187.07124233240148
368.47630894774994	557.070003461634

370.0	370.0
370.0	185.0
370.0	555.0

RIGID_BODY
Source img: 39 Target img: 1
368.9193747168425	371.317908725304
370.7503224380879	186.32696940544955
367.0884269955972	556.3088480451584

370.0	370.0
370.0	185.0
370.0	555.0

RIGID_BODY
Source img: 40 Target img: 1
368.8589156111788	370.01904524437373
368.4120139135683	185.0195850319919
369.30581730878936	555.0185054567557

370.0	370.0
370.0	185.0
370.0	555.0

RIGID_BODY
Source img: 41 Target img: 1
369.75113905507317	369.5410887611133
369.1317281163893	184.54212570972473
370.370549993757	554.5400518125019

370.0	370.0
370.0	185.0
370.0	555.0

RIGID_BODY
Source img: 42 Target img: 1
369.8275755466473	370.68203189046665
370.4226448408435	185.6829889401446
369.2325062524512	555.6810748407887

370.0	370.0
370.0	185.0
370.0	555.0

RIGID_BODY
Source img: 43 Target img: 1
368.57108052099017	369.37692294130864
368.03729310465326	184.37769302130553
369.1048679373271	554.3761528613118

370.0	370.0
370.0	185.0
370.0	555.0

RIGID_BODY
Source img: 44 Target img: 1
369.17830472177104	369.1203649809019
369.4095781629316	184.12050954151138
368.9470312806104	554.1202204202925

370.0	370.0
370.0	185.0
370.0	555.0

RIGID_BODY
Source img: 45 Target img: 1
369.284697020056	369.52472924477803
368.75577046368284	184.5254853633557
369.8136235764292	554.5239731262004

370.0	370.0
370.0	185.0
370.0	555.0

RIGID_BODY
Source img: 46 Target img: 1
368.8684134325979	370.1096907918019
368.48803563369444	185.11008183889052
369.24879123150134	555.1092997447131

370.0	370.0
370.0	185.0
370.0	555.0

RIGID_BODY
Source img: 47 Target img: 1
369.05299991744704	369.37845095729966
368.852838464195	184.37855924005393
369.2531613706991	554.3783426745454

370.0	370.0
370.0	185.0
370.0	555.0

RIGID_BODY
Source img: 48 Target img: 1
369.01695092122384	369.7999847461956
367.51604951963174	184.8060732383227
370.5178523228159	554.7938962540684

370.0	370.0
370.0	185.0
370.0	555.0

RIGID_BODY
Source img: 49 Target img: 1
368.47468291118105	370.4926444752803
366.5398232637605	185.50276281105306
370.4095425586016	555.4825261395075

370.0	370.0
370.0	185.0
370.0	555.0

RIGID_BODY
Source img: 50 Target img: 1
369.39245082347304	371.2520999183343
369.9151583037576	186.2528383606458
368.8697433431885	556.2513614760228

370.0	370.0
370.0	185.0
370.0	555.0

RIGID_BODY
Source img: 51 Target img: 1
370.32131114229105	371.04233663381535
372.2551804999412	186.0524446145281
368.3874417846409	556.0322286531025

370.0	370.0
370.0	185.0
370.0	555.0

RIGID_BODY
Source img: 52 Target img: 1
369.9146060000283	371.2576351511318
371.3004540966107	186.26282596705448
368.5287579034459	556.2524443352092

370.0	370.0
370.0	185.0
370.0	555.0

RIGID_BODY
Source img: 53 Target img: 1
370.40120238667066	370.79385230248613
372.01767891604743	185.8009145896373
368.7847258572939	555.786790015335

370.0	370.0
370.0	185.0
370.0	555.0

RIGID_BODY
Source img: 54 Target img: 1
370.28959714703007	370.2254710111023
372.41904068348396	185.23772690294507
368.1601536105761	555.2132151192595

370.0	370.0
370.0	185.0
370.0	555.0

RIGID_BODY
Source img: 55 Target img: 1
369.9586712852172	370.0282549488176
370.5999363385154	185.02936635990898
369.31740623191894	555.0271435377263

370.0	370.0
370.0	185.0
370.0	555.0

RIGID_BODY
Source img: 56 Target img: 1
370.5631775380328	370.5615681555726
372.91279327140626	185.5764895521742
368.2135618046593	555.546646758971

370.0	370.0
370.0	185.0
370.0	555.0

RIGID_BODY
Source img: 57 Target img: 1
369.7246348679148	370.60464055838446
371.815161320762	185.6164525593937
367.6341084150676	555.5928285573751

370.0	370.0
370.0	185.0
370.0	555.0

RIGID_BODY
Source img: 58 Target img: 1
369.4840825110035	370.6542365544783
371.85681403289374	185.66945300424948
367.11135098911325	555.6390201047071

370.0	370.0
370.0	185.0
370.0	555.0

RIGID_BODY
Source img: 59 Target img: 1
370.45406288809306	371.17376066790547
372.96637654772803	186.19082015696102
367.94174922845815	556.1567011788499

370.0	370.0
370.0	185.0
370.0	555.0

RIGID_BODY
Source img: 60 Target img: 1
369.31015660931877	371.2978160094457
370.9499839747057	186.3050838110922
367.6703292439318	556.2905482077992

370.0	370.0
370.0	185.0
370.0	555.0

RIGID_BODY
Source img: 61 Target img: 1
370.83295126928334	370.957678850042
374.1315557474261	185.9870887323241
367.53434679114065	555.9282689677598

370.0	370.0
370.0	185.0
370.0	555.0

RIGID_BODY
Source img: 62 Target img: 1
370.12522770012754	371.25862431268837
372.6997359138569	186.27653894370613
367.55071948639824	556.2407096816705

370.0	370.0
370.0	185.0
370.0	555.0

RIGID_BODY
Source img: 63 Target img: 1
370.0025552705408	370.68419822910937
372.22369426437103	185.69753238108103
367.78141627671056	555.6708640771377

370.0	370.0
370.0	185.0
370.0	555.0

RIGID_BODY
Source img: 64 Target img: 1
370.2798424204575	370.6594143922288
373.5813752083864	185.68887651862516
366.97830963252864	555.6299522658325

370.0	370.0
370.0	185.0
370.0	555.0

RIGID_BODY
Source img: 65 Target img: 1
370.48844574456416	372.9055844641857
373.15162493516783	187.92475443956198
367.8252665539605	557.8864144888094

370.0	370.0
370.0	185.0
370.0	555.0

RIGID_BODY
Source img: 66 Target img: 1
370.07300956946244	371.169014750121
372.02173178054824	186.17927859769546
368.1242873583767	556.1587509025466

370.0	370.0
370.0	185.0
370.0	555.0

RIGID_BODY
Source img: 67 Target img: 1
370.4262705717035	371.10545446633216
372.9579412955565	186.1227778629648
367.8945998478505	556.0881310696996

370.0	370.0
370.0	185.0
370.0	555.0

RIGID_BODY
Source img: 68 Target img: 1
370.624484080686	370.56501527163556
373.0487475510114	185.58089988162038
368.20022061036053	555.5491306616507

370.0	370.0
370.0	185.0
370.0	555.0

RIGID_BODY
Source img: 69 Target img: 1
370.50188530338795	371.2365007384729
371.6496705614729	186.24006134300427
369.354100045303	556.2329401339417

370.0	370.0
370.0	185.0
370.0	555.0

RIGID_BODY
Source img: 70 Target img: 1
369.7979828064418	369.84146258451466
371.2151937178478	184.8468910067719
368.38077189503576	554.8360341622574

370.0	370.0
370.0	185.0
370.0	555.0

RIGID_BODY
Source img: 71 Target img: 1
370.103390144837	372.23576105537376
372.7727240593616	187.255019743061
367.4340562303124	557.2165023676865

370.0	370.0
370.0	185.0
370.0	555.0

RIGID_BODY
Source img: 72 Target img: 1
370.30109015272984	371.5329832693122
374.11579488587574	186.57231710539796
366.48638541958394	556.4936494332264

370.0	370.0
370.0	185.0
370.0	555.0

RIGID_BODY
Source img: 73 Target img: 1
369.3870848158772	369.98830830212785
370.50750662564883	184.99170115765025
368.26666300610555	554.9849154466054

370.0	370.0
370.0	185.0
370.0	555.0

RIGID_BODY
Source img: 74 Target img: 1
370.0272259914442	371.4663344194168
372.64733226040977	186.48488928737297
367.4071197224787	556.4477795514605

370.0	370.0
370.0	185.0
370.0	555.0

RIGID_BODY
Source img: 75 Target img: 1
370.6545018123066	370.0137829903391
372.3189349788326	185.021270541229
368.9900686457806	555.0062954394492

370.0	370.0
370.0	185.0
370.0	555.0

RIGID_BODY
Source img: 76 Target img: 1
369.52230283301225	370.5221156355455
370.6420832484704	185.52550460761026
368.4025224175541	555.5187266634807

370.0	370.0
370.0	185.0
370.0	555.0

RIGID_BODY
Source img: 77 Target img: 1
369.79868074772594	370.9978819252389
371.450371444849	186.00525526719872
368.1469900506029	555.990508583279

370.0	370.0
370.0	185.0
370.0	555.0

RIGID_BODY
Source img: 78 Target img: 1
369.29462831478713	370.24893792904436
370.3418043674919	185.2519016762583
368.2474522620824	555.2459741818304

370.0	370.0
370.0	185.0
370.0	555.0

RIGID_BODY
Source img: 79 Target img: 1
369.34841234884817	369.6079339768021
370.02094347124915	184.60915640816674
368.6758812264472	554.6067115454373

370.0	370.0
370.0	185.0
370.0	555.0

RIGID_BODY
Source img: 80 Target img: 1
368.8490520044292	371.236180167046
369.97241380607505	186.23959085183026
367.72569020278337	556.2327694822618

370.0	370.0
370.0	185.0
370.0	555.0

RIGID_BODY
Source img: 81 Target img: 1
369.86002019730176	370.13863380033507
371.57479728889615	185.14658116150915
368.14524310570744	555.130686439161

370.0	370.0
370.0	185.0
370.0	555.0

RIGID_BODY
Source img: 82 Target img: 1
368.900955628287	370.9874575620636
370.1841691335215	185.99190798559405
367.61774212305255	555.9830071385331

370.0	370.0
370.0	185.0
370.0	555.0

RIGID_BODY
Source img: 83 Target img: 1
369.1692607286352	370.75417462009864
369.8612015529162	185.75546863031153
368.47731990435415	555.7528806098857

370.0	370.0
370.0	185.0
370.0	555.0

RIGID_BODY
Source img: 84 Target img: 1
369.5365828030705	371.15611301431835
369.9694603317718	186.15661945543013
369.10370527436913	556.1556065732067

370.0	370.0
370.0	185.0
370.0	555.0

RIGID_BODY
Source img: 85 Target img: 1
369.15965149076715	370.52633377572505
369.8258536092263	185.52753330735072
368.49344937230796	555.5251342440994

370.0	370.0
370.0	185.0
370.0	555.0

RIGID_BODY
Source img: 86 Target img: 1
369.71906032948567	371.37051203637037
371.6318462796775	186.38040081442222
367.8062743792938	556.3606232583185

370.0	370.0
370.0	185.0
370.0	555.0

RIGID_BODY
Source img: 87 Target img: 1
370.50355096088055	369.83922875844127
371.01079232984233	184.8399241484141
369.99630959191876	554.8385333684683

370.0	370.0
370.0	185.0
370.0	555.0

RIGID_BODY
Source img: 88 Target img: 1
369.3201877529551	370.44073645121574
369.68767715214625	185.44110144740964
368.952698353764	555.4403714550218

370.0	370.0
370.0	185.0
370.0	555.0

RIGID_BODY
Source img: 89 Target img: 1
369.61904933217716	371.0313225776964
369.94744435518135	186.03161404628037
369.290654309173	556.0310311091124

370.0	370.0
370.0	185.0
370.0	555.0

RIGID_BODY
Source img: 90 Target img: 1
369.5515449022402	371.4022957415273
370.0303130573256	186.40291525323028
369.0727767471548	556.4016762298241

370.0	370.0
370.0	185.0
370.0	555.0

RIGID_BODY
Source img: 91 Target img: 1
369.3508106179115	369.25349721211364
368.7087465175486	184.2546113946822
369.99287471827444	554.2523830295451

370.0	370.0
370.0	185.0
370.0	555.0

RIGID_BODY
Source img: 92 Target img: 1
369.23508549584017	370.9621682733034
369.2477989698859	185.9621687101478
369.2223720217944	555.962167836459

370.0	370.0
370.0	185.0
370.0	555.0

RIGID_BODY
Source img: 93 Target img: 1
369.4195457697245	369.4565352643105
370.694726480041	184.46093014311845
368.14436505940796	554.4521403855026

370.0	370.0
370.0	185.0
370.0	555.0

RIGID_BODY
Source img: 94 Target img: 1
369.1020265377518	371.41102436340304
369.64446201818896	186.41181959822148
368.55959105731466	556.4102291285845

370.0	370.0
370.0	185.0
370.0	555.0

RIGID_BODY
Source img: 95 Target img: 1
370.4313125645763	371.12938925793856
372.3658408465705	186.13950412816678
368.496784282582	556.1192743877103

370.0	370.0
370.0	185.0
370.0	555.0

RIGID_BODY
Source img: 96 Target img: 1
369.80987896293794	369.39006573514143
370.7853034017215	184.39263724716432
368.83445452415435	554.3874942231186

370.0	370.0
370.0	185.0
370.0	555.0

RIGID_BODY
Source img: 97 Target img: 1
369.54888359949575	372.4831368859544
371.7929620698685	187.49674789525375
367.304805129123	557.469525876655

370.0	370.0
370.0	185.0
370.0	555.0

RIGID_BODY
Source img: 98 Target img: 1
369.45917487756907	370.2411756744614
370.82238282184096	185.24619827209864
368.0959669332972	555.236153076824

370.0	370.0
370.0	185.0
370.0	555.0

RIGID_BODY
Source img: 99 Target img: 1
369.4072225326869	371.1738651509641
370.2610937605511	186.17583569138785
368.5533513048226	556.1718946105402

370.0	370.0
370.0	185.0
370.0	555.0

RIGID_BODY
Source img: 100 Target img: 1
369.98103227995153	371.07933732814246
371.8475199771242	186.08875317944498
368.1145445827789	556.0699214768398

370.0	370.0
370.0	185.0
370.0	555.0

RIGID_BODY
Source img: 101 Target img: 1
369.5850207863857	371.73548152366624
370.95634046783374	186.74056407366905
368.2137011049376	556.7303989736633

370.0	370.0
370.0	185.0
370.0	555.0

RIGID_BODY
Source img: 102 Target img: 1
370.06611225094593	370.5628509970789
370.8633710155166	185.5645689011029
369.2688534863753	555.5611330930549

370.0	370.0
370.0	185.0
370.0	555.0

RIGID_BODY
Source img: 103 Target img: 1
369.53022345673725	371.46280889244696
370.02735318383225	186.46347683410025
369.0330937296422	556.4621409507937

370.0	370.0
370.0	185.0
370.0	555.0

RIGID_BODY
Source img: 104 Target img: 1
369.3638120938556	371.940598687809
369.00656731994445	186.94094361739675
369.7210568677667	556.9402537582213

370.0	370.0
370.0	185.0
370.0	555.0

RIGID_BODY
Source img: 105 Target img: 1
370.4129065898512	372.13590571211205
371.955427659375	187.14233655699226
368.8703855203274	557.1294748672317

370.0	370.0
370.0	185.0
370.0	555.0

RIGID_BODY
Source img: 106 Target img: 1
369.79182229080436	371.6163571475828
371.5821074391326	186.62501983935184
368.0015371424761	556.6076944558138

370.0	370.0
370.0	185.0
370.0	555.0

RIGID_BODY
Source img: 107 Target img: 1
370.06233097221065	371.99686992208206
371.66761061860626	187.00383470924797
368.457051325815	556.9899051349162

370.0	370.0
370.0	185.0
370.0	555.0

RIGID_BODY
Source img: 108 Target img: 1
370.0611016069442	370.98519533393807
371.8141501241908	185.99350140986974
368.30805308969764	555.9768892580064

370.0	370.0
370.0	185.0
370.0	555.0

RIGID_BODY
Source img: 109 Target img: 1
370.59638365989036	372.2861583845325
373.18220039177294	187.3042307488061
368.01056692800773	557.2680860202588

370.0	370.0
370.0	185.0
370.0	555.0

RIGID_BODY
Source img: 110 Target img: 1
369.755987197213	371.0480151914012
370.68485303626073	186.050347075684
368.8271213581653	556.0456833071185

370.0	370.0
370.0	185.0
370.0	555.0

RIGID_BODY
Source img: 111 Target img: 1
368.9648751193042	371.66330031972313
369.82847674681415	186.6653160273829
368.10127349179436	556.6612846120632

370.0	370.0
370.0	185.0
370.0	555.0

RIGID_BODY
Source img: 112 Target img: 1
369.44862780566365	370.9248360958887
370.3270363490599	185.9269215172889
368.5702192622674	555.9227506744884

370.0	370.0
370.0	185.0
370.0	555.0

RIGID_BODY
Source img: 113 Target img: 1
370.5135183082811	371.0386519566588
373.3205395100244	186.0599487717436
367.7064971065378	556.0173551415741

370.0	370.0
370.0	185.0
370.0	555.0

RIGID_BODY
Source img: 114 Target img: 1
369.5825495300104	371.9643879209522
371.55457393403026	186.97489870670003
367.61052512599053	556.9538771352045

370.0	370.0
370.0	185.0
370.0	555.0

RIGID_BODY
Source img: 115 Target img: 1
370.0758688847467	371.73139747780255
371.59959951023404	186.73767259779223
368.5521382592594	556.7251223578129

370.0	370.0
370.0	185.0
370.0	555.0

RIGID_BODY
Source img: 116 Target img: 1
369.4004319190389	370.84490344120104
371.3534212837454	185.8552122891227
367.44744255433244	555.8345945932795

370.0	370.0
370.0	185.0
370.0	555.0

RIGID_BODY
Source img: 117 Target img: 1
370.05931957734344	371.7604038758037
371.11058551915556	186.76339081905303
369.0080536355313	556.7574169325545

370.0	370.0
370.0	185.0
370.0	555.0

RIGID_BODY
Source img: 118 Target img: 1
369.4865608678364	371.51319603437724
371.9509777663962	186.52961122385923
367.0221439692765	556.4967808448952

370.0	370.0
370.0	185.0
370.0	555.0

RIGID_BODY
Source img: 119 Target img: 1
369.458597424261	371.27871749409917
370.84972937908816	186.28394796835218
368.0674654694337	556.2734870198462

370.0	370.0
370.0	185.0
370.0	555.0

RIGID_BODY
Source img: 120 Target img: 1
369.49346330808135	372.0880304911529
371.0367940903212	187.09446808938554
367.9501325258415	557.0815928929202

370.0	370.0
370.0	185.0
370.0	555.0

RIGID_BODY
Source img: 121 Target img: 1
370.5241621901856	372.0471513308386
373.279670421031	187.06767361941849
367.7686539593402	557.0266290422586

370.0	370.0
370.0	185.0
370.0	555.0

RIGID_BODY
Source img: 122 Target img: 1
370.33197872661873	371.599204176085
372.71520903145387	186.61455558784644
367.9487484217836	556.5838527643236

370.0	370.0
370.0	185.0
370.0	555.0

RIGID_BODY
Source img: 123 Target img: 1
370.15437866369905	372.75923386351957
372.3707662026153	187.77251102569713
367.9379911247828	557.745956701342

370.0	370.0
370.0	185.0
370.0	555.0

RIGID_BODY
Source img: 124 Target img: 1
369.4168758377198	371.9481153545835
370.32227681487143	186.9503309109027
368.51147486056806	556.9458997982642

370.0	370.0
370.0	185.0
370.0	555.0

RIGID_BODY
Source img: 125 Target img: 1
369.9996244136162	371.42231679225046
371.3361471810083	186.42714467445637
368.66310164622405	556.4174889100444

370.0	370.0
370.0	185.0
370.0	555.0

RIGID_BODY
Source img: 126 Target img: 1
370.1173190417465	372.7193340183751
372.1407377672621	187.73039981780934
368.0939003162309	557.7082682189408

370.0	370.0
370.0	185.0
370.0	555.0

RIGID_BODY
Source img: 127 Target img: 1
369.72229593784306	371.13825920053915
371.6054525037779	186.14784398572812
367.83913937190823	556.1286744153501

370.0	370.0
370.0	185.0
370.0	555.0

RIGID_BODY
Source img: 128 Target img: 1
369.7482051128386	371.8100014655646
371.7596548538955	186.82093673486438
367.73675537178167	556.7990661962649

370.0	370.0
370.0	185.0
370.0	555.0

RIGID_BODY
Source img: 129 Target img: 1
369.3472620734187	371.78549437390967
369.49408228761155	186.78555263385206
369.20044185922586	556.7854361139673

370.0	370.0
370.0	185.0
370.0	555.0

RIGID_BODY
Source img: 130 Target img: 1
369.3040008950843	371.7593188946343
370.7221896859937	186.76475481083932
367.8858121041748	556.7538829784293

370.0	370.0
370.0	185.0
370.0	555.0

RIGID_BODY
Source img: 131 Target img: 1
369.980428556635	371.523997568718
371.48407166564573	186.5301083253143
368.47678544762425	556.5178868121218

370.0	370.0
370.0	185.0
370.0	555.0

RIGID_BODY
Source img: 132 Target img: 1
369.61187161613753	371.1934092068159
371.08126674167244	186.19924476381232
368.1424764906026	556.1875736498195

370.0	370.0
370.0	185.0
370.0	555.0

RIGID_BODY
Source img: 133 Target img: 1
368.92047628826083	371.5662217029869
368.94981081321964	186.5662240287014
368.8911417633021	556.5662193772724

370.0	370.0
370.0	185.0
370.0	555.0

RIGID_BODY
Source img: 134 Target img: 1
369.3087621499698	370.2689663117766
369.70205199909697	185.26938435793926
368.91547230084274	555.268548265614

370.0	370.0
370.0	185.0
370.0	555.0

RIGID_BODY
Source img: 135 Target img: 1
369.44281948418114	371.9165580669479
370.610347474763	186.92024221608776
368.2752914935993	556.912873917808

370.0	370.0
370.0	185.0
370.0	555.0

RIGID_BODY
Source img: 136 Target img: 1
369.9473339071021	372.3767000102585
371.49479455181324	187.38317210846117
368.39987326239105	557.3702279120558

370.0	370.0
370.0	185.0
370.0	555.0

RIGID_BODY
Source img: 137 Target img: 1
369.42141648673964	370.70333688688913
369.92858009059415	185.70403206365765
368.91425288288514	555.7026417101206

370.0	370.0
370.0	185.0
370.0	555.0

RIGID_BODY
Source img: 138 Target img: 1
370.01141088661353	372.5000233212479
371.9594499616901	187.51027997378017
368.0633718115369	557.4897666687156

370.0	370.0
370.0	185.0
370.0	555.0

RIGID_BODY
Source img: 139 Target img: 1
368.6606567024622	370.9850542530015
369.5858316960446	185.98736764251638
367.7354817088798	555.9827408634865

370.0	370.0
370.0	185.0
370.0	555.0

RIGID_BODY
Source img: 140 Target img: 1
368.9056760872364	370.93333469761325
369.5017794525094	185.93429507638191
368.30957272196326	555.9323743188445

370.0	370.0
370.0	185.0
370.0	555.0

RIGID_BODY
Source img: 141 Target img: 1
369.443970512323	372.18611386910453
370.7670967293902	187.1908454511969
368.12084429525584	557.1813822870122

370.0	370.0
370.0	185.0
370.0	555.0

RIGID_BODY
Source img: 142 Target img: 1
369.20204509557976	371.3356701764688
370.0392587101844	186.33756458248297
368.3648314809751	556.3337757704546

370.0	370.0
370.0	185.0
370.0	555.0

RIGID_BODY
Source img: 143 Target img: 1
370.100596614004	371.8968304547429
371.10890482242894	186.89957827364472
369.09228840557915	556.894082635841

370.0	370.0
370.0	185.0
370.0	555.0

RIGID_BODY
Source img: 144 Target img: 1
370.1871135351838	371.6645101278796
371.3191910320139	186.66797394262784
369.05503603835365	556.6610463131314

370.0	370.0
370.0	185.0
370.0	555.0

RIGID_BODY
Source img: 145 Target img: 1
369.1257435757935	371.9719141559605
369.83152059152314	186.9732604343616
368.4199665600638	556.9705678775595

370.0	370.0
370.0	185.0
370.0	555.0

RIGID_BODY
Source img: 146 Target img: 1
368.83882738078694	369.71098546510916
369.74768848195333	184.71321798804257
367.92996627962054	554.7087529421758

370.0	370.0
370.0	185.0
370.0	555.0

RIGID_BODY
Source img: 147 Target img: 1
369.02412542228774	372.1726569433787
369.1295049921737	187.17268695649938
368.9187458524018	557.172626930258

370.0	370.0
370.0	185.0
370.0	555.0

RIGID_BODY
Source img: 148 Target img: 1
367.90408475119364	370.205191771122
367.4385519246997	185.205777503975
368.36961757768756	555.2046060382689

370.0	370.0
370.0	185.0
370.0	555.0

RIGID_BODY
Source img: 149 Target img: 1
369.2427493707334	371.6943689794863
369.0640998004799	186.69445523807107
369.42139894098693	556.6942827209015

370.0	370.0
370.0	185.0
370.0	555.0

RIGID_BODY
Source img: 150 Target img: 1
369.37270576275296	371.95667891430736
370.2175836581476	186.95860816398337
368.52782786735827	556.9547496646313

370.0	370.0
370.0	185.0
370.0	555.0

RIGID_BODY
Source img: 151 Target img: 1
368.2860992408548	372.1965028889411
367.40552164886475	187.1985986221509
369.1666768328449	557.1944071557314

370.0	370.0
370.0	185.0
370.0	555.0

RIGID_BODY
Source img: 152 Target img: 1
368.4274597112207	370.33762540692646
367.9544254392063	185.33823016851625
368.90049398323504	555.3370206453367

370.0	370.0
370.0	185.0
370.0	555.0

RIGID_BODY
Source img: 153 Target img: 1
368.73984583159995	371.2375632006632
367.8089684753367	186.239905195629
369.67072318786313	556.2352212056974

370.0	370.0
370.0	185.0
370.0	555.0

RIGID_BODY
Source img: 154 Target img: 1
369.38837273081225	371.80581733997633
370.604060321222	186.80981169746917
368.17268514040256	556.8018229824833

370.0	370.0
370.0	185.0
370.0	555.0

RIGID_BODY
Source img: 155 Target img: 1
368.6434047772455	371.358871869056
368.03626473428324	186.35986813939198
369.25054482020784	556.3578755987198

370.0	370.0
370.0	185.0
370.0	555.0

RIGID_BODY
Source img: 156 Target img: 1
368.70703295153214	372.2381554039627
368.92523908103595	187.23828409026407
368.4888268220284	557.2380267176613

370.0	370.0
370.0	185.0
370.0	555.0

RIGID_BODY
Source img: 157 Target img: 1
368.41055855411656	370.57929128536307
368.13565953247075	185.57949552729232
368.68545757576237	555.5790870434339

370.0	370.0
370.0	185.0
370.0	555.0

RIGID_BODY
Source img: 158 Target img: 1
369.10262961148345	371.923276815073
369.9969988734024	186.92543870980393
368.20826034956457	556.921114920342

370.0	370.0
370.0	185.0
370.0	555.0

RIGID_BODY
Source img: 159 Target img: 1
370.3873672553413	372.3814111304635
371.88881905185303	187.38750408889973
368.8859154588296	557.3753181720273

370.0	370.0
370.0	185.0
370.0	555.0

RIGID_BODY
Source img: 160 Target img: 1
369.5543045626786	371.82379367445225
370.47033984012444	186.82606158194665
368.6382692852328	556.8215257669577

370.0	370.0
370.0	185.0
370.0	555.0

RIGID_BODY
Source img: 161 Target img: 1
369.251334600405	371.2134520835957
369.3774543839374	186.21349507332985
369.12521481687264	556.2134090938615

370.0	370.0
370.0	185.0
370.0	555.0

RIGID_BODY
Source img: 162 Target img: 1
369.73723761129145	371.62390253405334
371.3103992976872	186.63059140549265
368.16407592489577	556.617213662614

370.0	370.0
370.0	185.0
370.0	555.0

RIGID_BODY
Source img: 163 Target img: 1
370.3520215258539	372.70065020846937
372.80126828505985	187.71686391812304
367.90277476664795	557.6844364988157

370.0	370.0
370.0	185.0
370.0	555.0

RIGID_BODY
Source img: 164 Target img: 1
370.5345287052304	373.059359815614
372.24763705858675	188.06729171600696
368.82142035187405	558.0514279152211

370.0	370.0
370.0	185.0
370.0	555.0

RIGID_BODY
Source img: 165 Target img: 1
370.1724605754238	372.85845496799305
371.59410782605346	187.86391742946253
368.7508133247942	557.8529925065236

370.0	370.0
370.0	185.0
370.0	555.0

RIGID_BODY
Source img: 166 Target img: 1
369.54098671895974	371.2553471545515
370.2768167204471	186.25681052734214
368.80515671747236	556.2538837817608

370.0	370.0
370.0	185.0
370.0	555.0

RIGID_BODY
Source img: 167 Target img: 1
370.55935147111535	372.3303185687443
371.67902660649	187.33370690358106
369.4396763357407	557.3269302339077

370.0	370.0
370.0	185.0
370.0	555.0

RIGID_BODY
Source img: 168 Target img: 1
369.61336108272997	371.86393925690277
370.9463570847059	186.86874169313157
368.280365080754	556.8591368206738

370.0	370.0
370.0	185.0
370.0	555.0

RIGID_BODY
Source img: 169 Target img: 1
371.0681747825495	373.60441680661376
373.8040659218302	188.6246479137048
368.33228364326874	558.5841856995227

370.0	370.0
370.0	185.0
370.0	555.0

RIGID_BODY
Source img: 170 Target img: 1
370.1111531895285	372.00616654249035
371.7231794310893	187.01318999636166
368.4991269479678	556.999143088619

370.0	370.0
370.0	185.0
370.0	555.0

RIGID_BODY
Source img: 171 Target img: 1
370.1691528979963	372.7865011636164
371.96877327115163	187.79525443417643
368.36953252484096	557.7777478930564

370.0	370.0
370.0	185.0
370.0	555.0

RIGID_BODY
Source img: 172 Target img: 1
369.68269204072305	371.6835821369727
369.9685090704576	186.68380292460307
369.3968750109884	556.6833613493424

370.0	370.0
370.0	185.0
370.0	555.0

RIGID_BODY
Source img: 173 Target img: 1
369.53092823747346	371.58025419942027
370.9347170581601	186.58558028433993
368.12713941678686	556.5749281145005

370.0	370.0
370.0	185.0
370.0	555.0

RIGID_BODY
Source img: 174 Target img: 1
370.5871498642285	372.6850605878575
372.2640645773978	187.69266086007204
368.91023515105917	557.677460315643

370.0	370.0
370.0	185.0
370.0	555.0

RIGID_BODY
Source img: 175 Target img: 1
371.74078199383337	373.46116216422354
375.3654165035835	188.49667361393256
368.11614748408317	558.4256507145145

370.0	370.0
370.0	185.0
370.0	555.0

RIGID_BODY
Source img: 176 Target img: 1
370.8775886652639	372.34336300239147
373.98137810086155	187.36940134524502
367.77379922966617	557.3173246595378

370.0	370.0
370.0	185.0
370.0	555.0

RIGID_BODY
Source img: 177 Target img: 1
370.25370504743324	373.0322963614678
372.94912442263336	188.05193331070555
367.5582856722331	558.0126594122299

370.0	370.0
370.0	185.0
370.0	555.0

RIGID_BODY
Source img: 178 Target img: 1
371.31919777356774	371.7557522988306
373.3208883519953	186.76658171085205
369.31750719514014	556.7449228868091

370.0	370.0
370.0	185.0
370.0	555.0

RIGID_BODY
Source img: 179 Target img: 1
370.6914321059301	373.60811085278834
373.71288572968797	188.6327859632251
367.66997848217227	558.5834357423516

370.0	370.0
370.0	185.0
370.0	555.0

RIGID_BODY
Source img: 180 Target img: 1
371.7531957609279	373.57578397907156
375.2158764362214	188.60819264874974
368.2905150856344	558.5433753093934

370.0	370.0
370.0	185.0
370.0	555.0

RIGID_BODY
Source img: 181 Target img: 1
370.29660416127774	373.57005126290034
372.85115219815384	188.5876891730857
367.7420561244017	558.552413352715

370.0	370.0
370.0	185.0
370.0	555.0

RIGID_BODY
Source img: 182 Target img: 1
371.8224819714563	374.4056235371351
376.08363565105725	189.45470418467872
367.5613282918554	559.3565428895914

370.0	370.0
370.0	185.0
370.0	555.0

RIGID_BODY
Source img: 183 Target img: 1
371.434002387624	373.97682821131843
375.05151877553095	189.01220030862126
367.81648599971703	558.9414561140156

370.0	370.0
370.0	185.0
370.0	555.0

RIGID_BODY
Source img: 184 Target img: 1
370.91334036191057	373.2949287850587
373.82143389655596	188.3177869756077
368.00524682726524	558.2720705945097

370.0	370.0
370.0	185.0
370.0	555.0

RIGID_BODY
Source img: 185 Target img: 1
370.30638959505166	371.8016442375734
372.30382812498294	186.81242768882655
368.30895106512037	556.7908607863201

370.0	370.0
370.0	185.0
370.0	555.0

RIGID_BODY
Source img: 186 Target img: 1
370.62482930731005	372.2690336558254
372.52652051166245	187.27880804765095
368.72313810295765	557.2592592639999

370.0	370.0
370.0	185.0
370.0	555.0

RIGID_BODY
Source img: 187 Target img: 1
369.042521715646	371.1738523987213
369.32757944191144	186.17407201481728
368.7574639893806	556.1736327826253

370.0	370.0
370.0	185.0
370.0	555.0

RIGID_BODY
Source img: 188 Target img: 1
368.2032379622914	370.0224906523201
367.35898955878207	185.02441702820587
369.04748636580064	555.0205642764342

370.0	370.0
370.0	185.0
370.0	555.0

RIGID_BODY
Source img: 189 Target img: 1
368.8305710463034	371.2872994483788
367.7215279490799	186.2906237393042
369.93961414352697	556.2839751574534

370.0	370.0
370.0	185.0
370.0	555.0

RIGID_BODY
Source img: 190 Target img: 1
369.14605753432795	371.03129436357585
369.0932397575228	186.03130190335315
369.1988753111331	556.0312868237985

370.0	370.0
370.0	185.0
370.0	555.0

RIGID_BODY
Source img: 191 Target img: 1
369.0538729206424	371.79624075621285
369.16908326580295	186.79627663033423
368.9386625754818	556.7962048820915

370.0	370.0
370.0	185.0
370.0	555.0

RIGID_BODY
Source img: 192 Target img: 1
369.32915525143875	371.62623929715295
369.7133282418096	186.62663818646544
368.9449822610679	556.6258404078403

370.0	370.0
370.0	185.0
370.0	555.0

RIGID_BODY
Source img: 193 Target img: 1
369.42600910568916	370.4774063781681
369.83939610454655	185.4778682403955
369.0126221068318	555.4769445159407

370.0	370.0
370.0	185.0
370.0	555.0

RIGID_BODY
Source img: 194 Target img: 1
369.2376517339371	371.545271986902
368.6724591511477	186.5461353474453
369.80284431672663	556.5444086263586

370.0	370.0
370.0	185.0
370.0	555.0

RIGID_BODY
Source img: 195 Target img: 1
368.9506792898768	369.8379426700587
369.22403861083325	184.83814463048884
368.67731996892036	554.8377407096285

370.0	370.0
370.0	185.0
370.0	555.0

RIGID_BODY
Source img: 196 Target img: 1
368.6946240308499	371.1950566893486
368.01286212820986	186.19631290791608
369.37638593349004	556.1938004707812

370.0	370.0
370.0	185.0
370.0	555.0

RIGID_BODY
Source img: 197 Target img: 1
368.784908899299	371.52112592678697
368.148922232121	186.5222191166137
369.42089556647704	556.5200327369602

370.0	370.0
370.0	185.0
370.0	555.0

RIGID_BODY
Source img: 198 Target img: 1
371.0828252263544	372.14763804238856
373.78148655256433	187.16732225974536
368.3841639001444	557.1279538250318

370.0	370.0
370.0	185.0
370.0	555.0

RIGID_BODY
Source img: 199 Target img: 1
370.93516800864643	373.0107188249465
372.9434810093635	188.02162001398634
368.92685500792936	557.9998176359064

370.0	370.0
370.0	185.0
370.0	555.0

RIGID_BODY
Source img: 200 Target img: 1
368.73104830742534	371.30930214982357
369.17480500838536	186.30983436683147
368.2872916064654	556.3087699328158

370.0	370.0
370.0	185.0
370.0	555.0

RIGID_BODY
Source img: 201 Target img: 1
370.9391541727679	371.8629825467601
372.67578271040355	186.8711337497867
369.20252563513236	556.8548313437335

370.0	370.0
370.0	185.0
370.0	555.0

RIGID_BODY
Source img: 202 Target img: 1
371.0858973304159	373.6231245092632
373.04606506050163	188.63350928054308
369.1257296003301	558.6127397379835

370.0	370.0
370.0	185.0
370.0	555.0

RIGID_BODY
Source img: 203 Target img: 1
369.7197505786369	372.2877861598484
370.85908870719317	187.2912945481726
368.58041245008053	557.2842777715241

370.0	370.0
370.0	185.0
370.0	555.0

RIGID_BODY
Source img: 204 Target img: 1
369.4613941767261	372.4851535144453
370.0338669102668	187.48603925989175
368.8889214431855	557.4842677689988

370.0	370.0
370.0	185.0
370.0	555.0

RIGID_BODY
Source img: 205 Target img: 1
371.022834284115	372.6984161701338
372.86621314752074	187.7076003052213
369.1794554207092	557.6892320350462

370.0	370.0
370.0	185.0
370.0	555.0

RIGID_BODY
Source img: 206 Target img: 1
371.1683623240907	372.78248795819394
373.44973630701077	187.79655516126465
368.88698834117065	557.7684207551233

370.0	370.0
370.0	185.0
370.0	555.0

RIGID_BODY
Source img: 207 Target img: 1
369.9339669462018	371.36147245316846
370.3904949834858	186.36203574550936
369.4774389089178	556.3609091608275

370.0	370.0
370.0	185.0
370.0	555.0

RIGID_BODY
Source img: 208 Target img: 1
369.30899172572356	371.0145345976904
369.4698190120668	186.01460450423346
369.1481644393803	556.0144646911474

370.0	370.0
370.0	185.0
370.0	555.0

RIGID_BODY
Source img: 209 Target img: 1
369.6755582438258	370.831646846123
370.0088465128335	185.83194706547542
369.342269974818	555.8313466267706

370.0	370.0
370.0	185.0
370.0	555.0

RIGID_BODY
Source img: 210 Target img: 1
369.59883092185623	371.83371973750917
370.3708600224447	186.8353306335285
368.8268018212678	556.8321088414899

370.0	370.0
370.0	185.0
370.0	555.0

RIGID_BODY
Source img: 211 Target img: 1
369.64878428998196	371.9320703804799
369.8250858018793	186.93215438650728
369.47248277808467	556.9319863744523

370.0	370.0
370.0	185.0
370.0	555.0

RIGID_BODY
Source img: 212 Target img: 1
368.40280652635727	368.56252590024076
367.7123749157725	183.56381427177803
369.0932381369421	553.5612375287035

370.0	370.0
370.0	185.0
370.0	555.0

RIGID_BODY
Source img: 213 Target img: 1
367.3649084679074	368.82734334370724
366.1428301349089	183.831379807883
368.58698680090595	553.8233068795315

370.0	370.0
370.0	185.0
370.0	555.0

RIGID_BODY
Source img: 214 Target img: 1
368.9897218664694	371.55148608586575
368.73770761531983	186.55165773779072
369.241736117619	556.5513144339408

370.0	370.0
370.0	185.0
370.0	555.0

RIGID_BODY
Source img: 215 Target img: 1
370.3579103503272	371.2827411056642
372.0248109207956	186.29025087298425
368.69100977985886	556.275231338344

370.0	370.0
370.0	185.0
370.0	555.0

RIGID_BODY
Source img: 216 Target img: 1
368.0760442604812	370.04443543153786
367.8828836195696	185.04453627219561
368.26920490139275	555.0443345908801

370.0	370.0
370.0	185.0
370.0	555.0

RIGID_BODY
Source img: 217 Target img: 1
369.3201563036098	370.79131254223745
369.25796847281117	185.79132299447102
369.3823441344084	555.7913020900039

370.0	370.0
370.0	185.0
370.0	555.0

RIGID_BODY
Source img: 218 Target img: 1
371.5441880739683	372.9664419718142
373.39562454473344	187.97570657407948
369.69275160320313	557.9571773695491

370.0	370.0
370.0	185.0
370.0	555.0

RIGID_BODY
Source img: 219 Target img: 1
368.3989702290938	370.2499392898912
368.31564127348037	185.24995805668902
368.4822991847072	555.2499205230934

370.0	370.0
370.0	185.0
370.0	555.0

RIGID_BODY
Source img: 220 Target img: 1
369.79301717473095	370.9750075233375
370.5817116612829	185.97668871744432
369.004322688179	555.9733263292306

370.0	370.0
370.0	185.0
370.0	555.0

RIGID_BODY
Source img: 221 Target img: 1
368.1604716844283	371.0911563105013
367.826452597195	186.0914578479109
368.49449077166156	556.0908547730917

370.0	370.0
370.0	185.0
370.0	555.0

RIGID_BODY
Source img: 222 Target img: 1
368.2783109081	370.2457246814184
367.6334124949734	185.2468487225717
368.9232093212266	555.2446006402652

370.0	370.0
370.0	185.0
370.0	555.0

RIGID_BODY
Source img: 223 Target img: 1
367.7971493659032	369.9678848789776
366.9289706285592	184.96992200997724
368.66532810324713	554.9658477479779

370.0	370.0
370.0	185.0
370.0	555.0

RIGID_BODY
Source img: 224 Target img: 1
368.693776125544	370.9432953088964
369.00452928123997	185.94355630238798
368.383022969848	555.9430343154047

370.0	370.0
370.0	185.0
370.0	555.0

RIGID_BODY
Source img: 225 Target img: 1
368.58094301239635	371.24504155788105
368.1882849632385	186.2454582619816
368.9736010615541	556.2446248537805

370.0	370.0
370.0	185.0
370.0	555.0

RIGID_BODY
Source img: 226 Target img: 1
369.12334677462246	370.04799928438956
369.23897400049316	185.0480354185968
369.0077195487517	555.0479631501823

370.0	370.0
370.0	185.0
370.0	555.0

RIGID_BODY
Source img: 227 Target img: 1
368.57307693579503	369.41122048706126
368.2130247272488	184.41157085926574
368.93312914434125	554.4108701148567

370.0	370.0
370.0	185.0
370.0	555.0

RIGID_BODY
Source img: 228 Target img: 1
368.2356002722606	371.0339720483004
368.1613470718181	186.03398694975448
368.30985347270314	556.0339571468464

370.0	370.0
370.0	185.0
370.0	555.0

RIGID_BODY
Source img: 229 Target img: 1
369.6909977955678	371.7286608508452
370.6426327516028	186.7311084591704
368.73936283953276	556.72621324252

370.0	370.0
370.0	185.0
370.0	555.0

RIGID_BODY
Source img: 230 Target img: 1
368.0133462532297	371.401307321709
367.70028134411154	186.40157221281032
368.3264111623479	556.4010424306077

370.0	370.0
370.0	185.0
370.0	555.0

RIGID_BODY
Source img: 231 Target img: 1
368.54340684930156	369.43478337179323
368.2838868180854	184.43496540065735
368.8029268805177	554.4346013429291

370.0	370.0
370.0	185.0
370.0	555.0

RIGID_BODY
Source img: 232 Target img: 1
368.0678803519354	370.5850280844272
367.54356076263025	185.58577108870767
368.59219994124055	555.5842850801467

370.0	370.0
370.0	185.0
370.0	555.0

RIGID_BODY
Source img: 233 Target img: 1
368.31404770537694	372.55788477199997
368.5416839804618	187.55802482144148
368.08641143029206	557.5577447225584

370.0	370.0
370.0	185.0
370.0	555.0

RIGID_BODY
Source img: 234 Target img: 1
368.40573208531345	370.24723812173005
368.50641869237904	185.2472655211722
368.30504547824785	555.247210722288

370.0	370.0
370.0	185.0
370.0	555.0

RIGID_BODY
Source img: 235 Target img: 1
369.02419972975554	372.95413282199735
369.3585826347124	187.9544350166418
368.6898168247987	557.9538306273529

370.0	370.0
370.0	185.0
370.0	555.0

RIGID_BODY
Source img: 236 Target img: 1
366.83370171461723	369.7242281018027
365.5333639866721	184.72879809934756
368.1340394425623	554.7196581042579

370.0	370.0
370.0	185.0
370.0	555.0

RIGID_BODY
Source img: 237 Target img: 1
367.2054231850799	368.48805200253145
365.86990188887347	183.49287265218356
368.5409444812864	553.4832313528793

370.0	370.0
370.0	185.0
370.0	555.0

RIGID_BODY
Source img: 238 Target img: 1
367.41791606768555	370.53609033841894
366.7083268500798	185.5374511997964
368.1275052852913	555.5347294770413

370.0	370.0
370.0	185.0
370.0	555.0

RIGID_BODY
Source img: 239 Target img: 1
368.28647200166364	370.58101869461274
368.17817359393825	185.58105039338602
368.3947704093891	555.5809869958393

370.0	370.0
370.0	185.0
370.0	555.0

RIGID_BODY
Source img: 240 Target img: 1
368.8725611598122	371.6128997245854
368.76765129711316	186.61292947074813
368.9774710225113	556.6128699784227

370.0	370.0
370.0	185.0
370.0	555.0

RIGID_BODY
Source img: 241 Target img: 1
367.6335400216897	369.21040605097795
366.76400930893305	184.21244953161644
368.5030707344464	554.2083625703395

370.0	370.0
370.0	185.0
370.0	555.0

RIGID_BODY
Source img: 242 Target img: 1
367.59350179500467	369.57705380860494
366.7658648698867	184.5789051229487
368.42113872012266	554.5752024942612

370.0	370.0
370.0	185.0
370.0	555.0

RIGID_BODY
Source img: 243 Target img: 1
368.20983700690505	370.1418608599889
367.35311914257875	185.14384456116224
369.0665548712313	555.1398771588156

370.0	370.0
370.0	185.0
370.0	555.0

RIGID_BODY
Source img: 244 Target img: 1
368.8938093642985	370.49836810493815
368.39224371377446	185.4990480199762
369.3953750148225	555.4976881899

370.0	370.0
370.0	185.0
370.0	555.0

RIGID_BODY
Source img: 245 Target img: 1
368.8360734755625	371.52351881876274
368.79214614375724	186.5235240339262
368.88000080736776	556.5235136035991

370.0	370.0
370.0	185.0
370.0	555.0

RIGID_BODY
Source img: 246 Target img: 1
367.6509541898703	369.97109132551634
366.9920385195416	184.97226476129353
368.30986986019894	554.9699178897391

370.0	370.0
370.0	185.0
370.0	555.0

RIGID_BODY
Source img: 247 Target img: 1
369.1325826557407	371.09726701265936
369.038210976181	186.09729108296875
369.2269543353004	556.0972429423499

370.0	370.0
370.0	185.0
370.0	555.0

RIGID_BODY
Source img: 248 Target img: 1
367.8943584989156	370.17342965123765
366.93591733048106	185.1759123962035
368.8527996673502	555.1709469062716

370.0	370.0
370.0	185.0
370.0	555.0

RIGID_BODY
Source img: 249 Target img: 1
367.5937779748289	370.2975934785515
366.55258791840805	185.30052343887112
368.63496803124974	555.294663518232

370.0	370.0
370.0	185.0
370.0	555.0

RIGID_BODY
Source img: 250 Target img: 1
368.97721113675226	372.16042628694436
369.2294552729583	187.16059825217087
368.7249670005462	557.1602543217178

370.0	370.0
370.0	185.0
370.0	555.0

RIGID_BODY
Source img: 251 Target img: 1
369.4198231295038	371.83358535019033
370.0029496485747	186.83450437014127
368.83669661043297	556.8326663302394

370.0	370.0
370.0	185.0
370.0	555.0

RIGID_BODY
Source img: 252 Target img: 1
370.88018863158123	374.1721260614783
372.5003217677423	189.17922033636373
369.2600554954201	559.1650317865929

370.0	370.0
370.0	185.0
370.0	555.0

RIGID_BODY
Source img: 253 Target img: 1
369.6551337080993	371.82157557056075
370.2244817720044	186.82245167322404
369.0857856441942	556.8206994678974

370.0	370.0
370.0	185.0
370.0	555.0

RIGID_BODY
Source img: 254 Target img: 1
369.53137676980873	373.10388307740783
370.1866426873031	188.10504354975734
368.87611085231435	558.1027226050583

370.0	370.0
370.0	185.0
370.0	555.0

RIGID_BODY
Source img: 255 Target img: 1
370.1916769585467	372.16589986982916
371.46813789104095	187.17030357768007
368.91521602605235	557.1614961619782

370.0	370.0
370.0	185.0
370.0	555.0

RIGID_BODY
Source img: 256 Target img: 1
369.5047107835956	373.72826774982883
370.6344079888012	188.73171701380952
368.37501357839	558.7248184858481

370.0	370.0
370.0	185.0
370.0	555.0

RIGID_BODY
Source img: 257 Target img: 1
367.8087026745391	370.8280473741359
367.0103776304309	185.82976987641445
368.6070277186473	555.8263248718574

370.0	370.0
370.0	185.0
370.0	555.0

RIGID_BODY
Source img: 258 Target img: 1
368.91447173269825	370.6983839694452
369.0537485351517	185.6984363965545
368.77519493024477	555.698331542336

370.0	370.0
370.0	185.0
370.0	555.0

RIGID_BODY
Source img: 259 Target img: 1
367.6091017795614	371.54076514704246
367.1524137549472	186.54132883425746
368.0657898041756	556.5402014598272

370.0	370.0
370.0	185.0
370.0	555.0

RIGID_BODY
Source img: 260 Target img: 1
368.88084700392125	371.4953587929675
368.9626052364219	186.49537685893753
368.79908877142054	556.4953407269975

370.0	370.0
370.0	185.0
370.0	555.0

RIGID_BODY
Source img: 261 Target img: 1
368.07497988310973	370.6956209879027
367.77500627788174	185.6958641885054
368.3749534883377	555.6953777873002

370.0	370.0
370.0	185.0
370.0	555.0

RIGID_BODY
Source img: 262 Target img: 1
369.49072259951123	372.6406667785182
370.13338786382536	187.64178304848585
368.8480573351971	557.6395505085505

370.0	370.0
370.0	185.0
370.0	555.0

RIGID_BODY
Source img: 263 Target img: 1
368.38513842843963	372.1625420759891
368.45019861254383	187.16255351606392
368.32007824433543	557.1625306359142

370.0	370.0
370.0	185.0
370.0	555.0

RIGID_BODY
Source img: 264 Target img: 1
368.90814914903797	371.49451314463283
369.26698195563614	186.49486114761714
368.5493163424398	556.4941651416485

370.0	370.0
370.0	185.0
370.0	555.0

RIGID_BODY
Source img: 265 Target img: 1
368.62474468027017	372.26053680725954
368.8150443688549	187.260634682884
368.43444499168544	557.260438931635

370.0	370.0
370.0	185.0
370.0	555.0

RIGID_BODY
Source img: 266 Target img: 1
369.8653598269002	374.0110580436842
371.1246478950621	189.01534405668022
368.6060717587384	559.0067720306881

370.0	370.0
370.0	185.0
370.0	555.0

RIGID_BODY
Source img: 267 Target img: 1
367.6209815087781	371.2904187678618
367.275304339147	186.29074172140207
367.9666586784092	556.2900958143216

370.0	370.0
370.0	185.0
370.0	555.0

RIGID_BODY
Source img: 268 Target img: 1
367.7419045225779	371.30554789090644
367.0807492417175	186.30672931712587
368.4030598034383	556.3043664646872

370.0	370.0
370.0	185.0
370.0	555.0

RIGID_BODY
Source img: 269 Target img: 1
366.96382219741423	370.12006430115406
365.93365454408433	185.12293255418336
367.99398985074413	555.1171960481248

370.0	370.0
370.0	185.0
370.0	555.0

RIGID_BODY
Source img: 270 Target img: 1
367.755706262224	371.3207098356643
367.61671559957955	186.3207620475752
367.89469692486847	556.3206576237533

370.0	370.0
370.0	185.0
370.0	555.0

RIGID_BODY
Source img: 271 Target img: 1
369.00959715629864	373.01393275435885
369.49023868088096	188.0145571237237
368.5289556317163	558.013308384994

370.0	370.0
370.0	185.0
370.0	555.0

RIGID_BODY
Source img: 272 Target img: 1
367.15161736920294	369.82762970048645
366.5821901958571	184.8285060466316
367.7210445425488	554.8267533543412

370.0	370.0
370.0	185.0
370.0	555.0

RIGID_BODY
Source img: 273 Target img: 1
368.07145471698766	371.55699210797593
368.1169519183662	186.55699770255802
368.02595751560915	556.5569865133939

370.0	370.0
370.0	185.0
370.0	555.0

RIGID_BODY
Source img: 274 Target img: 1
369.1454344769816	371.84521922783983
369.10782799388016	186.84522305013064
369.1830409600831	556.845215405549

370.0	370.0
370.0	185.0
370.0	555.0

RIGID_BODY
Source img: 275 Target img: 1
368.4040970912444	371.7167774057315
368.70057440827776	186.71701497020698
368.107619774211	556.7165398412559

370.0	370.0
370.0	185.0
370.0	555.0

RIGID_BODY
Source img: 276 Target img: 1
368.9199657607125	373.2086935096318
369.32389898884827	188.20913448867844
368.5160325325768	558.2082525305851

370.0	370.0
370.0	185.0
370.0	555.0

RIGID_BODY
Source img: 277 Target img: 1
367.5902670762479	370.9577179893349
367.36051948718114	185.95786064872692
367.8200146653148	555.957575329943

370.0	370.0
370.0	185.0
370.0	555.0

RIGID_BODY
Source img: 278 Target img: 1
368.64251975685363	372.87743050470823
368.7694910333035	187.8774740768892
368.5155484804038	557.8773869325274

370.0	370.0
370.0	185.0
370.0	555.0

RIGID_BODY
Source img: 279 Target img: 1
369.84103870812356	371.89052884766556
370.43197956993185	186.89147266386271
369.25009784631527	556.8895850314684

370.0	370.0
370.0	185.0
370.0	555.0

RIGID_BODY
Source img: 280 Target img: 1
368.82305936325747	373.0650474440599
369.101818971896	188.06525746288023
368.54429975461886	558.0648374252396

370.0	370.0
370.0	185.0
370.0	555.0

RIGID_BODY
Source img: 281 Target img: 1
368.4174738036581	370.90047221810414
368.36182052515716	185.9004805891514
368.473127082159	555.900463847057

370.0	370.0
370.0	185.0
370.0	555.0

RIGID_BODY
Source img: 282 Target img: 1
367.45477618865635	370.2673790383235
366.8330547153126	185.2684237374635
368.0764976620001	555.2663343391833

370.0	370.0
370.0	185.0
370.0	555.0

RIGID_BODY
Source img: 283 Target img: 1
367.84883630037336	371.9140759340608
367.50071880334974	186.91440346351757
368.1969537973971	556.913748404604

370.0	370.0
370.0	185.0
370.0	555.0

RIGID_BODY
Source img: 284 Target img: 1
367.5250387501851	371.13051516901123
366.9739432443232	186.13133599855271
368.076134256047	556.1296943394698

370.0	370.0
370.0	185.0
370.0	555.0

RIGID_BODY
Source img: 285 Target img: 1
368.4931799670616	371.90314691906667
368.6610738209333	186.90322310380174
368.3252861131899	556.9030707343315

370.0	370.0
370.0	185.0
370.0	555.0

RIGID_BODY
Source img: 286 Target img: 1
368.8454306022987	370.66105349459656
368.9799742728097	185.66110241892542
368.7108869317876	555.6610045702678

370.0	370.0
370.0	185.0
370.0	555.0

RIGID_BODY
Source img: 287 Target img: 1
370.5231895772967	374.8016032486658
371.85195486818213	189.80637524858534
369.1944242864112	559.7968312487462

370.0	370.0
370.0	185.0
370.0	555.0

RIGID_BODY
Source img: 288 Target img: 1
369.5815551438157	372.7007787186061
370.175640696451	187.70173260658925
368.98746959118046	557.699824830623

370.0	370.0
370.0	185.0
370.0	555.0

RIGID_BODY
Source img: 289 Target img: 1
370.60372469840365	373.70279438403554
372.1307048695074	188.70909629797353
369.0767445272999	558.6964924700975

370.0	370.0
370.0	185.0
370.0	555.0

RIGID_BODY
Source img: 290 Target img: 1
370.96099450397236	373.00854822935895
372.30628158150677	188.0134396381342
369.615707426438	558.0036568205836

370.0	370.0
370.0	185.0
370.0	555.0

RIGID_BODY
Source img: 291 Target img: 1
368.64765473101585	371.71128381935324
368.7789805833813	186.71133043146585
368.51632887865037	556.7112372072405

370.0	370.0
370.0	185.0
370.0	555.0

RIGID_BODY
Source img: 292 Target img: 1
370.47630112982154	373.0924828357104
371.4355137370055	188.0949695789798
369.5170885226375	558.0899960924411

370.0	370.0
370.0	185.0
370.0	555.0

RIGID_BODY
Source img: 293 Target img: 1
369.7491204361527	374.92662856046553
370.7143881441511	189.9291467985456
368.78385272815433	559.9241103223854

370.0	370.0
370.0	185.0
370.0	555.0

RIGID_BODY
Source img: 294 Target img: 1
367.71578940544816	369.6400089315913
366.8932312939051	184.64183759426933
368.53834751699117	554.6381802689132

370.0	370.0
370.0	185.0
370.0	555.0

RIGID_BODY
Source img: 295 Target img: 1
369.07170399992185	373.1989692134773
369.6036647966495	188.19973403205626
368.5397432031942	558.1982043948983

370.0	370.0
370.0	185.0
370.0	555.0

RIGID_BODY
Source img: 296 Target img: 1
368.82554916742095	371.9749614502734
369.04368848716985	186.9750900577852
368.60740984767205	556.9748328427615

370.0	370.0
370.0	185.0
370.0	555.0

RIGID_BODY
Source img: 297 Target img: 1
367.54975227652073	371.4770635424972
367.2344818864996	186.4773321789593
367.8650226665419	556.476794906035

370.0	370.0
370.0	185.0
370.0	555.0

RIGID_BODY
Source img: 298 Target img: 1
366.6132928275178	369.2888944588698
365.8266195094948	184.29056704726665
367.3999661455408	554.2872218704729

370.0	370.0
370.0	185.0
370.0	555.0

RIGID_BODY
Source img: 299 Target img: 1
369.02479785743566	374.15174224981195
369.4044508951493	189.15213180813842
368.645144819722	559.1513526914855

370.0	370.0
370.0	185.0
370.0	555.0

RIGID_BODY
Source img: 300 Target img: 1
368.35984015448327	371.16481392345423
367.97855541071135	186.16520683753586
368.7411248982552	556.1644210093724

370.0	370.0
370.0	185.0
370.0	555.0

RIGID_BODY
Source img: 301 Target img: 1
366.1969372845386	369.13687308315855
364.9319329626371	184.14119809569954
367.46194160644	554.1325480706176

370.0	370.0
370.0	185.0
370.0	555.0

RIGID_BODY
Source img: 302 Target img: 1
369.5761402617213	372.72277940589095
370.4430456673963	187.7248105656423
368.70923485604635	557.7207482461396

370.0	370.0
370.0	185.0
370.0	555.0

RIGID_BODY
Source img: 303 Target img: 1
368.2419679071579	372.83830833791114
368.2879714477415	187.8383140577106
368.1959643665743	557.8383026181118

370.0	370.0
370.0	185.0
370.0	555.0

RIGID_BODY
Source img: 304 Target img: 1
367.76211816311684	372.1256060991156
367.7945124619638	187.12560893530642
367.72972386426994	557.1256032629248

370.0	370.0
370.0	185.0
370.0	555.0

RIGID_BODY
Source img: 305 Target img: 1
368.9862874963276	372.87169372687737
369.26229659054883	187.87189962164084
368.7102784021063	557.871487832114

370.0	370.0
370.0	185.0
370.0	555.0

RIGID_BODY
Source img: 306 Target img: 1
368.9701402839825	372.2232151638915
369.2716073427925	187.22346079212898
368.66867322517254	557.222969535654

370.0	370.0
370.0	185.0
370.0	555.0

RIGID_BODY
Source img: 307 Target img: 1
367.51615150259215	370.03161379205716
367.00187066233923	185.0323286171751
368.030432342845	555.0308989669393

370.0	370.0
370.0	185.0
370.0	555.0

RIGID_BODY
Source img: 308 Target img: 1
366.3291159785403	372.276314701541
365.6621764240845	187.277516890229
366.996055532996	557.2751125128531

370.0	370.0
370.0	185.0
370.0	555.0

RIGID_BODY
Source img: 309 Target img: 1
368.4547002380811	370.07474533492297
368.67084343027966	185.07487159950534
368.23855704588254	555.0746190703406

370.0	370.0
370.0	185.0
370.0	555.0

RIGID_BODY
Source img: 310 Target img: 1
368.32592490549706	372.5135833208345
368.3960829509362	187.51359662394674
368.25576686005786	557.5135700177224

370.0	370.0
370.0	185.0
370.0	555.0

RIGID_BODY
Source img: 311 Target img: 1
368.3719482973446	372.57725770917307
368.2872916847856	187.57727707874722
368.4566049099036	557.5772383395989

370.0	370.0
370.0	185.0
370.0	555.0

RIGID_BODY
Source img: 312 Target img: 1
367.74860343157883	371.16653146655005
367.31399627693344	186.1670419628729
368.1832105862242	556.1660209702271

370.0	370.0
370.0	185.0
370.0	555.0

RIGID_BODY
Source img: 313 Target img: 1
368.6015346743091	371.20447182513374
368.65650985954795	186.20447999343395
368.5465594890702	556.2044636568337

370.0	370.0
370.0	185.0
370.0	555.0

RIGID_BODY
Source img: 314 Target img: 1
368.91989712143544	374.4702245157469
369.29559602325537	189.4706060017208
368.54419821961545	559.469843029773

370.0	370.0
370.0	185.0
370.0	555.0

RIGID_BODY
Source img: 315 Target img: 1
372.81890923704	376.29230488838033
374.9408304426603	191.30447434161934
370.69698803141966	561.2801354351413

370.0	370.0
370.0	185.0
370.0	555.0

RIGID_BODY
Source img: 316 Target img: 1
370.81992452787813	374.0102719971559
372.1525678932898	189.01507189277314
369.4872811624664	559.0054721015387

370.0	370.0
370.0	185.0
370.0	555.0

RIGID_BODY
Source img: 317 Target img: 1
369.89210779577013	373.24768030338817
370.8698550418484	188.25026407731542
368.9143605496919	558.2450965294607

370.0	370.0
370.0	185.0
370.0	555.0

RIGID_BODY
Source img: 318 Target img: 1
368.77214493083835	373.36393179171864
368.93004459957046	188.36399917634006
368.61424526210624	558.3638644070971

370.0	370.0
370.0	185.0
370.0	555.0

RIGID_BODY
Source img: 319 Target img: 1
369.67077680410245	373.8496993285941
370.5614089996128	188.85184319428015
368.7801446085921	558.8475554629081

370.0	370.0
370.0	185.0
370.0	555.0

RIGID_BODY
Source img: 320 Target img: 1
370.76554925793806	374.5079989678958
372.15628901778825	189.51322649331914
369.3748094980878	559.5027714424724

370.0	370.0
370.0	185.0
370.0	555.0

RIGID_BODY
Source img: 321 Target img: 1
370.4241895193479	372.2985294756689
371.3358507521029	187.30077577634233
369.512528286593	557.2962831749956

370.0	370.0
370.0	185.0
370.0	555.0

RIGID_BODY
Source img: 322 Target img: 1
367.7863418201246	371.65410033314106
367.54545637988434	186.65425715968138
368.02722726036495	556.6539435066009

370.0	370.0
370.0	185.0
370.0	555.0

RIGID_BODY
Source img: 323 Target img: 1
368.7319378823159	372.6914579883251
369.02882028854253	187.69169620243287
368.43505547608925	557.6912197742173

370.0	370.0
370.0	185.0
370.0	555.0

RIGID_BODY
Source img: 324 Target img: 1
371.320126520822	373.89572854181904
372.6478788524504	188.9004932687292
369.9923741891936	558.8909638149088

370.0	370.0
370.0	185.0
370.0	555.0

RIGID_BODY
Source img: 325 Target img: 1
368.83838205559704	372.45935839044574
369.2870029959456	187.4599023392133
368.3897611152485	557.4588144416781

370.0	370.0
370.0	185.0
370.0	555.0

RIGID_BODY
Source img: 326 Target img: 1
370.66365733609933	374.5207315572261
372.05683259690295	189.52597740810796
369.2704820752957	559.5154857063443

370.0	370.0
370.0	185.0
370.0	555.0

RIGID_BODY
Source img: 327 Target img: 1
373.68541965248306	377.6005545356109
376.56501763489814	192.6229669325186
370.805821670068	562.5781421387031

370.0	370.0
370.0	185.0
370.0	555.0

RIGID_BODY
Source img: 328 Target img: 1
366.3496084608898	369.41025310423487
365.6460585644105	184.4115908994957
367.0531583573691	554.4089153089739

370.0	370.0
370.0	185.0
370.0	555.0

RIGID_BODY
Source img: 329 Target img: 1
367.99183933120736	370.97110308171005
367.53147672378975	185.97167587646248
368.45220193862497	555.9705302869577

370.0	370.0
370.0	185.0
370.0	555.0

RIGID_BODY
Source img: 330 Target img: 1
364.0005405910012	367.11227464617
361.6944933314479	182.1266477827926
366.3065878505545	552.0979015095473

370.0	370.0
370.0	185.0
370.0	555.0

RIGID_BODY
Source img: 331 Target img: 1
369.18127738986584	371.76918834016675
369.3165525938503	186.76923779795928
369.04600218588143	556.7691388823742

370.0	370.0
370.0	185.0
370.0	555.0

RIGID_BODY
Source img: 332 Target img: 1
369.264192088809	373.0189426856978
369.8191675354881	188.01977511391226
368.70921664212995	558.0181102574834

370.0	370.0
370.0	185.0
370.0	555.0

RIGID_BODY
Source img: 333 Target img: 1
365.3956512630614	368.92512435265803
363.6359049335354	183.9334940207543
367.15539759258735	553.9167546845617

370.0	370.0
370.0	185.0
370.0	555.0

RIGID_BODY
Source img: 334 Target img: 1
369.837541408177	372.42287947134645
370.5487344286223	187.42424649129535
369.12634838773175	557.4215124513976

370.0	370.0
370.0	185.0
370.0	555.0

RIGID_BODY
Source img: 335 Target img: 1
368.76166121034765	372.6158697002097
368.8808949554619	187.6159081236893
368.6424274652334	557.6158312767301

370.0	370.0
370.0	185.0
370.0	555.0

RIGID_BODY
Source img: 336 Target img: 1
368.7958224361747	369.9654762838856
368.9234759182022	184.9655203255435
368.6681689541473	554.9654322422277

370.0	370.0
370.0	185.0
370.0	555.0

RIGID_BODY
Source img: 337 Target img: 1
371.10650573086184	373.49594319488614
372.3175724776783	188.49990724455895
369.8954389840454	558.4919791452132

370.0	370.0
370.0	185.0
370.0	555.0

RIGID_BODY
Source img: 338 Target img: 1
368.8406960105495	371.6175867494842
369.11957227921994	186.61779694412584
368.56181974187905	556.6173765548425

370.0	370.0
370.0	185.0
370.0	555.0

RIGID_BODY
Source img: 339 Target img: 1
365.65940618758384	370.9261990238992
364.468945599358	185.93002932412438
366.84986677580974	555.922368723674

370.0	370.0
370.0	185.0
370.0	555.0

RIGID_BODY
Source img: 340 Target img: 1
371.4285430312893	376.4161967784186
373.3253382281528	191.42592090430372
369.53174783442574	561.4064726525336

370.0	370.0
370.0	185.0
370.0	555.0

